{
  "advancedEditorSelectedIdentifier" : "ProjectBrowser",
  "openSceneRelativePaths" : [
    "Scene.usda"
  ],
  "recentIdentifiers" : {
    "E13F33AC-374A-4803-B6BE-84DF9B875A6E" : [

    ]
  },
  "sceneCameraHistory" : {
    "E13F33AC-374A-4803-B6BE-84DF9B875A6E" : [
      {
        "date" : 717165786.68424904,
        "title" : "Untitled",
        "transform" : [
          1,
          0,
          0,
          0,
          0,
          0.86602544784545898,
          -0.49999988079071045,
          0,
          0,
          0.49999988079071045,
          0.86602544784545898,
          0,
          5.0105371475219727,
          37.409439086914062,
          54.135772705078125,
          1
        ]
      },
      {
        "date" : 717165784.61767495,
        "title" : "Untitled",
        "transform" : [
          1,
          0,
          0,
          0,
          0,
          0.86602544784545898,
          -0.49999988079071045,
          0,
          0,
          0.49999988079071045,
          0.86602544784545898,
          0,
          3.4276020526885986,
          31.925857543945312,
          57.301719665527344,
          1
        ]
      },
      {
        "date" : 717165764.76453102,
        "title" : "Untitled",
        "transform" : [
          1,
          0,
          0,
          0,
          0,
          0.86602544784545898,
          -0.49999988079071045,
          0,
          0,
          0.49999988079071045,
          0.86602544784545898,
          0,
          -0.055817853659391403,
          33.027809143066406,
          56.665512084960938,
          1
        ]
      },
      {
        "date" : 717165361.26872694,
        "title" : "Untitled",
        "transform" : [
          1,
          0,
          0,
          0,
          0,
          0.86602544784545898,
          -0.49999988079071045,
          0,
          0,
          0.49999988079071045,
          0.86602544784545898,
          0,
          -0.037810832262039185,
          22.372928619384766,
          38.385032653808594,
          1
        ]
      },
      {
        "date" : 717165356.78535604,
        "title" : "Untitled",
        "transform" : [
          1,
          0,
          0,
          0,
          0,
          0.86602544784545898,
          -0.49999988079071045,
          0,
          0,
          0.49999988079071045,
          0.86602544784545898,
          0,
          -0.037810832262039185,
          0.66299277544021606,
          0.78234875202178955,
          1
        ]
      },
      {
        "date" : 717165340.17927396,
        "title" : "Untitled",
        "transform" : [
          1,
          0,
          0,
          0,
          0,
          0.86602544784545898,
          -0.49999988079071045,
          0,
          0,
          0.49999988079071045,
          0.86602544784545898,
          0,
          0,
          0.25622999668121338,
          0.44380345940589905,
          1
        ]
      }
    ]
  },
  "selectedSceneRelativePath" : "Scene.usda"
}